-0.859	-0.015	-0.327	0.448	-0.644	0.246	0.176	0.639	
-0.823	-0.231	-0.241	0.413	0.766	-0.501	0.765	0.181	
-0.452	-0.122	-0.717	0.33	0.499	0.989	0.946	0.227	
0.833	-0.818	0.389	-0.673	0.268	0.255	-0.295	0.315	
-0.867	0.131	-0.123	0.856	0.223	-0.912	0.029	0.815	

-0.636	0.355	0.241	-0.038	0.437	
0.977	0.568	-0.909	-0.914	-0.714	
0.641	0.495	0.338	-0.381	-0.285	
-0.866	-0.336	0.71	-0.489	-0.203	
0.005	-0.39	-0.372	-0.193	0.29	


0.872	0.313	-0.374	-0.386	-0.584	
-0.256	0.81	0.144	0.786	0.525	

-----------------
Neural Network structure:
7 Input Neurons + BIAS
2 Hidden Layers
4 Hidden Neurons + BIAS
2 Output Neurons
