-0.945	0.124	0.46	0.422	-0.647	0.551	0.332	-0.781	
0.14	-0.735	-0.54	-0.233	-0.874	0.479	0.629	0.163	
-0.922	-0.714	0.608	0.481	-0.387	-0.019	0.831	-0.313	
0.888	0.565	0.914	0.783	0.557	-0.601	-0.004	-0.556	
-0.973	-0.66	0.143	0.879	-0.553	0.227	0.66	-0.157	

0.077	0.27	0.96	-0.25	-0.669	
0.926	0.484	-0.767	0.364	-0.207	
-0.044	-0.214	-0.82	0.28	-0.598	
0.944	0.223	0.878	0.283	-0.842	
-0.113	0.326	-0.07	-0.124	0.662	


-0.188	-0.356	0.65	0.368	0.207	
-0.116	0.054	0.116	0.677	0.048	

-----------------
Neural Network structure:
7 Input Neurons + BIAS
2 Hidden Layers
4 Hidden Neurons + BIAS
2 Output Neurons
