0.611	0.46	0.263	0.198	0.565	-0.222	0.319	-0.516	
-0.586	-0.284	0.745	-0.531	0.005	0.245	-0.294	-0.789	
-0.663	0.193	-0.847	0.234	-0.747	-0.034	-0.311	0.869	
0.716	0.882	-0.558	0.894	0.454	-0.443	0.673	-0.747	
0.98	-0.728	0.87	-0.118	0.128	0.438	0.975	-0.026	

0.825	0.394	-0.676	-0.761	0.622	
-0.879	0.739	-0.421	-0.456	-0.271	
0.117	-0.112	-0.515	0.282	-0.064	
-0.776	0.307	-0.164	-0.186	-0.446	
0.497	0.938	-0.306	-0.857	0.924	


-0.85	0.922	0.707	-0.143	-0.292	
-0.263	0.357	-0.531	-0.597	0.669	

-----------------
Neural Network structure:
7 Input Neurons + BIAS
2 Hidden Layers
4 Hidden Neurons + BIAS
2 Output Neurons
