0.39	-0.499	0.556	-0.309	-0.588	-0.431	0.75	0.526	
-0.587	-0.95	-0.878	-0.348	-0.292	0.397	-0.293	-0.13	
0.801	-0.336	0.733	-0.626	-0.155	0.289	-0.873	-0.909	
-0.846	-0.996	-0.279	-0.298	-0.265	0.988	-0.447	-0.508	
-0.669	0.495	-0.665	0.013	0.639	0.537	0.01	-0.835	

-0.159	0.091	-0.134	0.201	-0.322	
-0.971	-0.473	0.908	0.48	0.298	
0.281	-0.094	0.744	-0.428	-0.638	
-0.299	0.214	-0.408	-0.494	0.23	
0.439	0.939	-0.215	0.35	-0.226	


0.164	0.866	0.245	-0.826	-0.364	
0.958	-0.844	0.198	-0.765	0.942	

-----------------
Neural Network structure:
7 Input Neurons + BIAS
2 Hidden Layers
4 Hidden Neurons + BIAS
2 Output Neurons
