0.289	0.311	-0.924	0.657	-0.726	-0.226	-0.358	0.883	
-0.106	-0.837	0.182	-0.547	-0.864	0.349	0.773	-0.376	
-0.935	0.981	-0.203	-0.218	-0.299	-0.509	0.217	-0.221	
-0.75	0.475	0.988	0.392	0.3	0.199	0.001	0.155	
-0.926	0.179	-0.287	0.709	0.577	-0.421	0.019	0.14	

-0.152	0.303	0.59	0.735	-0.832	
-0.655	-0.478	-0.857	0.317	0.972	
-0.756	0.864	-0.692	-0.32	0.524	
0.208	0.234	0.373	-0.314	-0.82	
-0.038	-0.086	0.016	-0.147	0.813	


-0.886	0.415	-0.599	-0.797	0.914	
0.77	-0.41	0.428	-0.583	0.215	

-----------------
Neural Network structure:
7 Input Neurons + BIAS
2 Hidden Layers
4 Hidden Neurons + BIAS
2 Output Neurons
