-0.777	-0.426	0.111	0.258	0.417	-0.95	0.541	-0.966	
0.098	0.751	-0.167	-0.042	-0.399	-0.594	0.424	-0.554	
0.873	0.263	-0.149	-0.874	-0.675	0.466	-0.602	0.604	
-0.631	-0.695	0.914	0.813	-0.982	0.372	-0.577	-0.059	
-0.943	-0.939	0.67	0.31	-0.988	0.902	-0.658	-0.064	

-0.25	-0.289	0.805	0.051	0.617	
0.748	0.114	-0.783	0.16	0.606	
-0.879	0.599	0.537	-0.175	-0.562	
-0.259	-0.453	-0.994	0.557	0.508	
0.845	0.13	-0.215	-0.369	0.776	


0.607	-0.228	0.27	-0.579	0.545	
0.911	-0.361	0.777	-0.461	-0.718	

-----------------
Neural Network structure:
7 Input Neurons + BIAS
2 Hidden Layers
4 Hidden Neurons + BIAS
2 Output Neurons
