0.111	-0.249	-0.767	0.129	0.012	0.948	-0.128	0.307	
-0.809	0.148	-0.322	0.428	0.475	-0.362	-0.113	-0.507	
-0.876	-0.922	0.96	0.368	0.18	-0.737	-0.097	-0.233	
-0.987	0.112	-0.274	0.117	-0.897	-0.75	0.179	-0.702	
0.716	-0.503	-0.397	-0.795	-0.165	0.745	0.705	-0.283	

0.882	-0.709	0.577	-0.639	-0.152	
0.095	-0.67	0.305	0.226	0.596	
0.363	-0.404	0.108	-0.633	-0.987	
0.123	0.986	0.889	0.89	-0.162	
-0.321	-0.748	-0.308	-0.067	-0.371	


0.206	0.025	-0.094	0.062	-0.225	
-0.595	-0.25	-0.732	-0.096	0.712	

-----------------
Neural Network structure:
7 Input Neurons + BIAS
2 Hidden Layers
4 Hidden Neurons + BIAS
2 Output Neurons
