0.247	0.801	-0.122	-0.421	0.015	-0.535	-0.76	0.724	
-0.87	0.024	-0.958	-0.519	0.754	0.508	-0.061	0.318	
0.986	-0.598	0.829	0.958	0.597	-0.079	0.04	-0.964	
-0.653	0.216	-0.501	0.316	0.461	0.058	0.551	0.868	
-0.957	-0.924	0.804	0.781	-0.62	-0.293	-0.72	-0.578	

-0.306	0.419	-0.123	-0.853	0.838	
-0.594	-0.965	0.25	-0.965	0.802	
-0.098	-0.842	-0.266	0.238	0.305	
-0.281	-0.796	0.669	-0.43	0.354	
-0.793	0.732	-0.192	0.461	-0.95	


-0.551	-0.821	-0.058	-0.972	0.621	
0.747	0.436	-0.642	-0.485	-0.333	

-----------------
Neural Network structure:
7 Input Neurons + BIAS
2 Hidden Layers
4 Hidden Neurons + BIAS
2 Output Neurons
