-0.771	0.826	-0.861	-0.21	0.314	-0.825	-0.692	0.634	
-0.067	0.321	0.204	-0.822	-0.525	-0.898	-0.264	-0.616	
-0.562	0.36	-0.744	0.145	-0.085	0.939	0.613	-0.873	
-0.467	-0.676	-0.583	0.711	-0.483	0.589	-0.137	0.251	
-0.372	-0.034	-0.508	0.912	0.056	-0.474	0.646	0.218	

-0.697	0.019	-0.236	-0.666	-0.704	
0.526	-0.449	0.384	0.864	0.13	
-0.185	-0.409	0.012	0.718	-0.431	
-0.322	0.424	-0.727	-0.456	0.74	
0.583	-0.634	0.946	0.678	-0.764	


0.105	0.052	0.42	0.656	-0.584	
0.344	0.721	0.844	-0.811	0.973	

-----------------
Neural Network structure:
7 Input Neurons + BIAS
2 Hidden Layers
4 Hidden Neurons + BIAS
2 Output Neurons
