0.396	-0.289	0.388	-0.987	0.898	0.704	0.309	-0.329	
0.91	0.022	-0.584	-0.383	0.843	-0.867	-0.231	-0.789	
-0.559	-0.818	-0.772	-0.642	-0.922	-0.618	0.012	0.374	
0.277	0.615	-0.861	-0.312	0.142	0.989	0.218	0.101	
-0.69	-0.124	0.625	0.975	0.545	0.2	-0.463	-0.404	

-0.715	0.14	0.56	-0.743	-0.735	
0.191	-0.667	-0.255	-0.011	-0.836	
-0.148	-0.13	0.404	0.482	0.06	
0.639	-0.001	-0.876	0.567	0.555	
-0.748	-0.048	-0.142	0.42	0.759	


-0.539	0.599	0.351	-0.849	0.449	
0.695	0.228	-0.251	-0.935	-0.253	

-----------------
Neural Network structure:
7 Input Neurons + BIAS
2 Hidden Layers
4 Hidden Neurons + BIAS
2 Output Neurons
