0.494	-0.776	0.504	-0.183	-0.36	-0.968	0.238	-0.127	
-0.583	-0.039	0.828	-0.998	0.657	-0.405	-0.308	-0.661	
0.04	0.26	-0.409	0.361	0.242	-0.71	0.651	-0.471	
-0.736	-0.234	-0.144	0.082	-0.63	0.709	0.779	0.535	
-0.291	0.545	-0.318	-0.909	0.447	0.335	-0.622	-0.603	

0.635	-0.79	-0.275	0.99	0.857	
-0.272	-0.296	-0.215	0.588	0.075	
-0.668	-0.357	0.387	-0.125	0.826	
-0.533	0.68	-0.062	-0.275	-0.237	
0.669	-0.519	-0.933	-0.425	0.649	


-0.575	0.132	0.534	-0.899	-0.796	
0.51	0.111	-0.901	0.572	-0.84	

-----------------
Neural Network structure:
7 Input Neurons + BIAS
2 Hidden Layers
4 Hidden Neurons + BIAS
2 Output Neurons
