-0.549	-0.753	0.766	0.876	-0.8	0.237	0.663	-0.31	
0.733	-0.886	-0.085	0.136	-0.873	0.823	0.417	0.385	
-0.104	0.656	-0.803	-0.468	0.106	-0.338	0.105	0.371	
0.706	0.782	-0.206	0.61	0.075	-0.879	-0.705	-0.593	
-0.587	-0.426	0.716	-0.934	-0.132	0.597	-0.679	-0.172	

-0.466	-0.659	-0.307	-0.091	-0.856	
-0.911	-0.417	-0.68	0.032	0.846	
-0.202	0.586	0.2	0.928	-0.881	
-0.845	-0.335	-0.523	-0.129	-0.733	
-0.001	0.69	-0.599	0.065	-0.788	


0.276	-0.71	-0.768	-0.353	-0.726	
-0.204	-0.86	-0.754	0.002	0.432	

-----------------
Neural Network structure:
7 Input Neurons + BIAS
2 Hidden Layers
4 Hidden Neurons + BIAS
2 Output Neurons
