0.4	-0.753	0.766	0.876	-0.8	0.237	0.663	-0.283	
0.733	-0.301	-0.085	0.136	-0.873	0.823	0.848	0.385	
-0.104	-0.537	-0.803	0.567	0.98	-0.338	0.105	0.371	
0.706	-0.275	0.368	0.61	0.075	-0.618	0.995	-0.593	
-0.587	-0.426	0.716	-0.934	-0.132	0.597	-0.679	-0.172	

0.966	-0.659	-0.307	0.542	-0.856	
-0.911	-0.417	-0.68	0.605	0.846	
-0.202	-0.616	0.2	0.928	-0.881	
-0.845	-0.335	-0.523	-0.129	-0.733	
0.439	0.69	-0.599	0.277	-0.788	


0.276	-0.71	0.502	-0.353	-0.726	
-0.204	-0.86	-0.754	0.002	0.432	

-----------------
Neural Network structure:
7 Input Neurons + BIAS
2 Hidden Layers
4 Hidden Neurons + BIAS
2 Output Neurons
