-0.508	-0.323	0.806	-0.517	0.367	0.989	0.703	-0.265	
-0.57	-0.381	0.033	-0.042	0.964	-0.144	0.185	0.9	
-0.435	0.512	-0.895	-0.412	-0.234	-0.837	-0.74	-0.65	
-0.269	-0.829	0.31	-0.313	0.982	0.548	0.092	-0.764	
-0.689	-0.335	0.999	0.863	-0.731	-0.875	-0.53	-0.255	

0.741	-0.648	-0.678	-0.412	0.393	
-0.35	0.826	-0.215	0.415	-0.998	
-0.443	0.804	-0.159	0.483	0.369	
-0.138	0.546	0.454	0.53	0.65	
-0.842	0.147	-0.971	-0.37	0.544	


-0.796	-0.183	0.678	0.638	-0.497	
0.58	-0.489	-0.872	0.167	0.9	

-----------------
Neural Network structure:
7 Input Neurons + BIAS
2 Hidden Layers
4 Hidden Neurons + BIAS
2 Output Neurons
