-0.796	-0.323	0.806	-0.517	0.367	0.989	0.703	-0.265	
0.7	-0.766	0.033	-0.042	0.964	-0.144	0.185	0.9	
-0.435	0.512	-0.895	-0.412	-0.234	-0.837	-0.74	0.556	
-0.269	-0.829	0.31	-0.313	0.982	0.548	-0.821	-0.764	
-0.689	0.761	0.999	0.987	-0.731	0.226	-0.53	0.452	

0.741	-0.648	-0.678	-0.412	0.892	
-0.35	0.826	-0.215	0.415	-0.998	
-0.443	0.804	-0.159	0.483	0.369	
-0.138	0.546	0.454	0.53	0.389	
-0.842	0.147	-0.971	-0.37	0.544	


-0.796	-0.183	0.678	0.638	-0.497	
0.58	-0.489	-0.946	0.617	0.9	

-----------------
Neural Network structure:
7 Input Neurons + BIAS
2 Hidden Layers
4 Hidden Neurons + BIAS
2 Output Neurons
