0.289	0.311	-0.021	0.657	-0.726	-0.328	-0.731	0.883	
-0.106	-0.463	-0.357	0.776	-0.864	0.349	0.773	-0.376	
-0.935	0.81	0.926	-0.218	-0.299	0.04	0.217	-0.221	
-0.75	0.475	0.988	0.022	0.3	0.199	0.195	0.155	
-0.708	0.179	0.336	0.709	0.577	-0.524	0.019	0.14	

0.394	0.303	0.59	0.735	-0.832	
-0.655	-0.478	-0.857	0.317	0.972	
-0.756	0.864	-0.692	-0.32	0.356	
0.208	0.234	0.373	-0.314	-0.82	
-0.038	-0.086	0.016	-0.147	0.813	


-0.886	0.415	-0.599	-0.797	0.843	
0.277	-0.41	0.428	-0.583	0.215	

-----------------
Neural Network structure:
7 Input Neurons + BIAS
2 Hidden Layers
4 Hidden Neurons + BIAS
2 Output Neurons
